O43559-P01112, , , 0, 0
O14827-Q9UQM7, , , 0, 0
P02549-Q9H254, , , 0, 0
P11277-Q13813, 47 48 49 50 51 52 54 58 62 159 160 161 162 163 164 165 166 167 168 169 170 171 172 173 174 175 176 177 178 179 180 181 182 183 184 185 186 187 188 189 190 191 192 193 194 195 196 197 198 199 200 201 202 203 204 205 206 207 208 209 210 211 212 213 214 220 222 224 225 226 227 228 229 230 231 232 233 234 235 236 237 238 239 240 241 242 249 250 251 252 253 254 255 256 257 258 259 260 261 266 267 269 270 271 274 277 280 , 16 17 18 19 20 21 22 23 24 25 26 27 28 29 30 31 32 33 34 35 36 37 38 39 40 41 42 43 44 45 46 47 48 49 50 51 52 53 101 102 104 105 106 107 108 109 110 111 112 113 114 115 116 117 118 119 120 , 107, 57
Q05397-Q9H254, , , 0, 0
O14511-P01116, 248 249 250 251 275 278 279 280 281 282 283 298 299 300 301 302 303 304 305 306 328 329 330 331 , 21 23 24 25 32 33 34 35 36 37 38 39 40 41 42 54 55 56 59 61 62 63 64 67 70 71 , 24, 26
P01116-Q02297, 175 177 178 179 180 181 182 189 190 194 195 196 197 198 199 202 203 204 205 206 207 208 209 210 211 212 213 218 219 220 225 227 230 231 233 236 239 240 241 , 1 2 3 4 5 46 47 48 49 51 52 76 111 118 120 123 126 127 128 131 135 138 139 140 154 157 158 159 160 161 162 163 164 165 166 167 168 169 , 39, 38
P01111-Q9NRC6, , , 0, 0
O43320-P62993, 51 52 53 54 55 56 57 58 59 60 61 62 63 64 66 67 68 69 70 71 72 85 87 88 94 95 96 97 98 101 102 103 104 137 139 140 141 142 143 144 145 147 164 165 166 167 168 169 170 172 176 178 179 180 181 182 183 184 185 186 187 188 189 190 191 192 193 194 , 1 2 3 4 5 10 17 18 20 22 23 24 25 26 27 38 39 40 41 42 43 44 45 46 48 55 56 57 58 59 60 61 77 78 79 80 81 82 83 85 100 101 102 103 106 129 132 133 134 135 136 137 138 139 140 141 142 143 144 145 146 147 148 149 150 151 152 153 , 68, 68
P26951-P29353, , , 0, 0
P08620-P22607, 85 86 96 97 98 99 100 101 102 103 104 105 111 112 113 114 115 116 117 118 119 120 121 122 125 126 127 128 129 130 131 132 133 134 135 136 137 138 139 140 142 143 144 145 146 147 148 149 150 151 152 153 154 155 156 157 158 169 170 171 172 173 174 175 176 179 180 181 187 188 189 , 247 248 249 250 251 252 253 254 255 256 257 258 259 260 261 262 263 264 270 271 272 273 274 275 276 277 278 279 280 281 282 283 284 285 286 287 288 289 290 291 297 317 318 319 320 321 322 323 324 325 326 335 336 337 338 339 340 341 342 343 344 346 347 348 349 350 351 352 353 354 355 , 71, 71
O43559-P21781, , , 0, 0
P01111-P62993, 5 6 7 8 9 10 56 58 72 73 74 75 76 77 78 79 80 89 90 91 92 93 94 95 96 97 98 99 100 101 102 103 104 105 106 107 108 109 110 111 112 113 114 129 130 131 132 133 134 135 136 137 138 139 140 141 159 162 163 165 166 , 1 3 4 5 6 7 8 9 10 11 12 13 14 15 16 17 18 19 20 21 22 23 24 25 26 27 34 35 36 37 38 39 40 41 42 43 44 45 46 47 48 49 50 51 52 53 54 155 157 184 , 61, 50
P01112-P62158, , , 0, 0
P01116-Q15303, , , 0, 0
P22607-P31371, , , 0, 0
P00533-P01112, , , 0, 0
P11362-P31371, 27 29 30 31 32 33 34 41 43 44 45 50 51 52 54 57 58 61 62 64 76 78 79 80 82 83 84 85 87 89 , 54 57 58 60 61 62 63 64 65 97 99 100 101 102 103 104 105 136 138 140 143 144 145 146 188 189 190 191 192 194 , 30, 30
O60258-Q8WU20, 33 34 37 40 45 48 49 50 51 52 53 54 55 60 90 92 93 94 95 96 97 130 131 132 133 134 135 136 137 138 139 174 175 176 177 178 179 , 16 17 18 19 20 21 22 23 24 25 26 29 30 31 32 33 34 35 36 37 48 49 50 51 68 69 70 71 90 91 92 93 96 , 37, 33
P01127-Q07889, , , 0, 0
O15399-P01112, , , 0, 0
O95750-P29353, , , 0, 0
P04626-P29353, , , 0, 0
P01116-Q12879, 514 524 525 526 527 530 736 752 758 759 760 772 776 780 783 784 786 789 792 , 23 25 26 42 43 44 45 46 47 48 49 50 52 148 149 150 151 153 154 157 161 , 19, 21
P01112-P21802, , , 0, 0
O14827-P35609, , , 0, 0
P11362-P62993, 25 26 27 28 29 30 31 32 33 34 35 36 37 38 39 40 54 56 57 58 59 60 61 62 63 67 82 84 100 101 102 103 104 105 106 107 108 109 110 111 112 113 , 2 55 56 57 58 59 60 61 62 63 64 69 87 129 153 156 157 159 160 161 162 163 164 165 185 187 188 189 190 191 192 194 205 206 207 208 209 210 211 212 213 214 215 , 42, 43
P11487-P29353, , , 0, 0
P11487-P62993, 36 37 38 39 40 41 42 43 44 45 46 47 48 49 50 51 52 53 54 55 56 67 69 70 71 72 73 74 75 76 77 78 79 80 81 82 83 84 85 86 87 88 89 90 91 96 97 117 118 119 120 121 122 123 124 125 126 127 128 129 130 158 159 170 171 172 173 174 175 176 177 178 179 180 181 182 183 , 2 20 21 22 23 24 26 41 42 43 44 56 57 58 59 60 61 63 67 70 71 72 73 74 75 76 77 78 79 80 81 82 83 84 85 86 87 88 92 93 94 95 96 97 98 99 100 101 102 103 104 105 106 107 108 109 110 111 118 119 120 121 122 128 129 131 132 133 134 135 136 137 138 139 140 141 142 143 144 145 146 147 148 149 150 151 152 153 , 77, 88
P62993-Q9Y4H2, 33 36 38 39 40 41 42 43 44 45 46 75 76 77 78 79 80 81 83 90 101 102 103 104 108 109 110 111 112 113 114 125 126 127 128 129 130 131 132 133 134 135 136 137 138 139 140 141 , 1 2 55 56 57 58 59 60 61 63 64 85 86 87 88 89 90 91 92 93 95 112 113 114 116 117 118 119 124 125 126 127 128 129 130 131 132 133 159 161 185 186 187 188 189 190 191 192 193 194 195 204 205 206 207 208 209 210 , 48, 58
Q07889-Q86Z14, , , 0, 0
P22455-P62993, 178 , 90 91 92 , 1, 3
P11362-Q07889, , , 0, 0
O15020-Q13813, 68 69 70 71 72 73 96 97 98 99 100 101 125 128 129 130 161 162 163 165 166 168 218 219 221 222 245 246 247 248 249 250 251 277 278 279 280 281 282 , 35 36 38 39 40 42 43 44 46 47 48 50 51 54 55 57 58 109 110 111 112 113 114 115 116 117 118 119 121 123 , 39, 30
P22607-P55075, , , 0, 0
P01116-Q9HCT0, 32 33 34 35 37 38 39 40 41 42 43 44 46 66 67 68 70 73 75 89 165 167 168 169 , 47 108 112 118 127 131 135 136 137 138 139 140 141 142 143 144 145 150 151 152 154 157 158 159 161 162 164 165 166 168 169 , 24, 31
P31371-Q07889, 281 365 366 367 368 369 371 372 375 708 725 726 727 728 729 730 731 732 735 738 739 741 742 745 746 , 51 52 53 55 56 62 96 98 99 108 113 115 128 129 130 202 203 204 205 206 207 , 25, 21
P01111-Q9Y4G8, , , 0, 0
P35609-Q05586, , , 0, 0
O60674-Q01344, , , 0, 0
P01111-P11487, , , 0, 0
P01116-P21802, 66 67 68 69 70 71 72 77 78 79 80 81 83 85 86 87 88 89 90 110 111 112 113 , 61 86 87 88 89 90 91 92 94 95 98 102 126 128 129 130 131 132 133 135 , 23, 20
P14784-P62993, , , 0, 0
P08700-P26951, , , 0, 0
O60674-P01112, , , 0, 0
P01111-Q13972, , , 0, 0
P01112-P11487, , , 0, 0
P04626-P62993, , , 0, 0
Q05586-Q13557, , , 0, 0
P01112-P14784, , , 0, 0
P07196-P35609, , , 0, 0
P01111-P31785, , , 0, 0
P62993-Q9UEF7, , , 0, 0
P01116-P05230, 5 6 7 8 11 12 14 16 17 18 19 22 27 30 32 52 106 107 108 109 143 146 148 149 150 151 155 , 47 85 86 87 88 94 108 121 122 123 124 125 126 127 128 129 131 132 133 134 135 136 137 138 139 140 141 142 143 154 158 161 162 165 166 167 168 169 , 27, 38
P78352-Q13224, 411 412 413 414 415 417 418 419 420 421 422 438 439 440 442 443 455 480 481 482 483 484 485 490 495 688 712 715 716 742 744 , 1 2 3 4 5 6 7 8 9 10 11 12 13 15 16 18 19 , 31, 17
P01111-Q07889, , , 0, 0
P29353-Q8WWG1, , , 0, 0
P13591-Q07889, , , 0, 0
P01116-P01127, , , 0, 0
P21802-P29353, , , 0, 0
P01589-P14784, , , 0, 0
O43320-P22607, 205 207 , 297 336 349 351 353 , 2, 5
Q07889-Q99075, , , 0, 0
P07196-P78352, 335 339 340 341 342 343 344 345 346 347 348 349 350 351 353 354 357 , 1 2 3 5 6 9 10 12 13 16 17 18 19 , 17, 13
P09038-P11362, , , 0, 0
P01112-P55075, , , 0, 0
P01112-P10721, , , 0, 0
P08700-P32927, , , 0, 0
P01111-Q15303, 2 26 43 44 45 46 47 48 49 50 76 94 95 97 98 101 102 105 106 107 108 109 127 128 131 132 133 134 135 136 137 138 139 140 141 142 143 153 154 157 161 162 163 164 165 166 167 , 81 83 84 85 118 119 120 143 144 146 185 190 191 193 207 208 225 226 227 235 236 237 238 239 240 241 243 249 250 257 258 259 261 276 277 278 530 531 532 533 549 564 565 566 567 569 570 571 572 573 613 614 , 47, 52
P09038-P29353, , , 0, 0
Q02763-Q07889, , , 0, 0
P04141-P32927, , , 0, 0
O14827-P01116, 1029 1031 1032 1033 1034 1036 1037 1044 1047 1048 1050 1051 1055 1094 1098 1099 1101 1102 1103 1104 1132 1133 1135 1136 1153 1154 1155 1156 1158 1159 1160 1162 1163 1166 1220 1221 1222 , 21 22 25 26 27 28 29 30 31 32 33 34 35 36 38 40 119 120 121 122 147 148 149 150 151 152 153 154 157 , 37, 29
P60568-Q07889, , , 0, 0
O15399-Q13972, , , 0, 0
P01112-Q99075, , , 0, 0
P05113-Q01344, , , 0, 0
P01111-Q8IV61, , , 0, 0
O14511-P04626, , , 0, 0
P01589-P23458, , , 0, 0
P62993-Q8WWG1, , , 0, 0
P01116-Q05586, 217 388 390 393 394 396 397 419 433 434 435 464 467 468 471 472 473 474 475 , 0 22 23 25 26 27 28 30 42 43 44 45 46 47 48 49 50 149 153 157 161 , 19, 21
P01116-P35070, 2 3 4 5 6 8 18 19 20 21 22 23 24 25 26 27 28 29 30 31 32 33 34 35 36 37 38 47 48 49 50 , 2 4 46 47 48 49 76 108 110 113 126 127 128 129 130 131 132 133 134 135 136 137 138 139 140 141 157 158 159 160 161 162 163 164 165 166 167 168 169 , 31, 39
Q07889-Q13813, 25 26 29 32 33 36 98 99 100 101 104 109 562 563 564 565 566 567 568 569 570 572 578 579 580 581 582 583 586 587 588 589 590 591 592 593 594 596 597 598 599 600 602 612 615 616 618 950 , 21 22 25 26 28 29 31 32 34 35 36 37 38 39 40 42 43 44 47 111 112 113 114 115 116 117 118 , 48, 27
P01111-Q15389, 45 46 47 48 107 108 109 110 111 127 131 134 135 138 139 140 141 142 143 144 145 148 149 150 151 152 153 154 155 156 157 158 160 161 162 163 164 165 166 167 , 11 16 17 18 19 20 33 35 36 37 38 39 40 41 50 51 52 53 55 70 71 72 73 74 75 95 97 99 101 102 103 104 105 182 184 185 208 209 , 40, 38
P35609-Q13224, , , 0, 0
P31785-Q07889, , , 0, 0
O43320-P01112, , , 0, 0
P01111-P21860, , , 0, 0
P01111-P15509, 72 88 91 92 94 95 96 97 98 99 100 101 102 103 105 , 132 133 134 144 145 146 147 148 149 151 156 160 161 162 163 164 165 , 15, 17
O43320-P01111, , , 0, 0
P01111-P10721, 1 2 3 4 5 41 43 52 54 73 74 75 76 94 97 98 101 102 103 104 105 106 107 108 109 110 111 112 134 135 136 137 138 139 140 162 163 165 166 167 , 213 215 216 217 218 219 220 221 222 223 224 227 228 229 230 231 232 233 234 236 262 264 268 270 272 274 277 280 340 341 342 361 362 363 366 367 368 369 371 , 40, 39
Q02763-Q15389, 133 134 137 138 139 212 213 214 215 220 221 222 223 224 225 226 227 228 229 230 231 232 250 252 307 312 313 314 315 316 317 318 338 339 341 347 429 , 3 4 5 8 9 10 11 12 13 14 15 16 17 18 20 21 22 24 31 33 90 218 219 , 37, 23
P62993-Q15389, , , 0, 0
P09038-P22607, 46 47 48 81 86 87 88 89 90 91 92 93 94 95 96 100 104 106 116 117 118 119 120 121 122 123 124 , 162 163 164 165 166 223 225 240 241 242 243 244 245 246 247 248 277 278 279 280 281 282 283 284 315 316 317 318 319 320 , 27, 30
P16234-Q07889, , , 0, 0
O15399-Q9UQM7, , , 0, 0
P29353-P52333, , , 0, 0
O43559-O60258, , , 0, 0
P01112-P22607, , , 0, 0
P01111-Q01082, , , 0, 0
Q01082-Q07889, , , 0, 0
P01111-P10767, , , 0, 0
Q13555-Q13972, , , 0, 0
Q8WU20-Q9GZV9, 30 31 32 33 34 35 36 37 38 39 40 41 42 43 48 50 66 67 75 76 77 78 79 80 81 82 83 84 116 117 118 119 120 121 122 123 124 125 127 149 150 151 158 159 160 161 162 163 , 8 10 11 13 39 41 42 43 44 46 48 49 50 51 52 53 54 55 56 58 59 60 78 79 80 81 103 104 105 106 107 108 109 110 , 48, 34
P62158-Q12879, , , 0, 0
P01112-P09619, , , 0, 0
P10767-P29353, , , 0, 0
O14827-Q13555, , , 0, 0
P01112-Q15389, , , 0, 0
P01112-Q13972, , , 0, 0
P01116-P08620, 140 141 142 143 144 153 154 158 168 170 171 172 173 174 175 176 177 178 190 191 192 193 194 195 196 197 200 , 46 47 112 113 127 128 129 131 132 133 134 135 137 138 139 140 141 142 143 151 153 154 155 157 158 159 161 162 164 165 166 168 169 , 27, 33
P01112-P04141, , , 0, 0
P01112-P52333, , , 0, 0
P22607-Q9GZV9, 77 78 79 80 81 82 83 98 99 100 101 115 116 117 118 119 120 121 122 123 124 125 126 127 128 129 130 131 132 133 134 135 139 140 141 142 143 144 145 146 147 148 149 150 151 156 , 160 161 162 163 164 165 166 167 168 170 190 191 192 193 194 195 196 199 200 219 220 221 222 223 224 225 226 241 242 243 244 245 246 247 248 249 254 278 279 280 281 282 315 319 320 , 46, 45
O76093-P29353, , , 0, 0
P01112-P04085, , , 0, 0
P12034-P22607, 86 87 88 89 122 123 124 125 126 127 128 129 130 131 132 164 166 169 170 172 174 216 217 218 219 220 225 226 227 , 220 223 244 245 246 247 254 255 256 259 261 262 263 264 274 276 277 278 279 282 283 284 285 315 316 317 318 319 320 321 322 , 29, 31
P01112-P12034, , , 0, 0
P01111-P14784, 20 22 23 24 25 26 27 28 42 43 44 45 48 49 50 51 118 119 120 123 127 128 130 131 132 133 134 135 138 139 140 141 142 143 145 147 148 149 150 151 152 153 154 157 158 161 162 165 , 13 16 17 19 32 33 34 46 47 48 49 50 51 52 53 54 55 59 60 61 63 65 66 67 68 85 107 108 109 110 111 112 129 130 144 146 150 151 152 153 179 180 181 196 197 198 199 200 201 202 , 48, 50
P35609-Q12879, , , 0, 0
P07196-Q05586, , , 0, 0
O14827-P01111, , , 0, 0
Q13555-Q14957, , , 0, 0
P01111-P62158, , , 0, 0
P21802-P31371, 59 61 64 65 66 67 68 69 70 71 72 78 79 80 81 82 83 84 85 86 87 88 89 90 91 93 95 110 111 112 , 51 52 54 57 58 59 60 61 62 63 64 97 99 101 102 103 138 144 146 148 189 190 191 192 193 194 195 197 200 203 204 205 206 , 30, 33
O14827-Q14957, , , 0, 0
O15520-P01116, 118 119 153 154 155 156 157 158 159 161 162 163 164 165 170 171 172 173 174 175 176 177 190 192 193 194 195 196 199 200 201 , 64 65 66 67 68 69 70 71 72 73 74 75 76 78 93 94 95 96 97 98 99 100 101 102 103 104 105 106 107 108 109 137 165 166 167 168 169 , 31, 37
P78352-Q13972, 1042 1044 1045 1046 1047 1048 1049 1050 1051 1052 1053 1054 1055 1085 1088 1113 1184 1185 1186 1232 1233 1234 1235 1236 1237 1238 1239 1240 1241 1242 1243 1244 1245 1246 1247 1248 1249 1250 1251 1252 1253 , 1 2 3 4 5 6 7 8 9 10 11 12 13 14 15 16 17 18 19 , 41, 19
P01116-Q05397, 38 39 40 47 48 50 51 52 53 54 90 91 93 118 119 120 121 156 157 161 198 199 204 205 209 212 213 214 215 404 405 406 407 408 409 410 467 470 471 473 474 475 477 478 537 541 542 543 545 564 565 566 567 569 570 598 , 0 1 2 3 4 5 36 37 38 39 41 49 50 52 61 62 63 64 65 66 67 68 69 70 73 74 76 95 97 99 101 102 103 104 105 106 107 108 136 137 138 164 166 167 168 169 , 56, 46
P11362-Q9GZV9, , , 0, 0
P01116-P21860, , , 0, 0
Q07889-Q9NP95, , , 0, 0
O15020-P13591, , , 0, 0
P01112-P11277, , , 0, 0
P21583-Q07889, 949 954 , 341 , 2, 1
P01116-Q9UQM7, 177 214 215 216 217 218 219 220 221 222 223 224 300 301 302 303 304 305 306 307 308 309 310 311 312 313 314 316 317 318 319 320 321 323 324 325 326 327 328 329 330 331 332 339 342 350 369 381 382 383 384 385 386 387 388 389 390 391 398 399 400 401 402 403 404 405 406 417 418 419 420 421 422 423 424 425 434 436 437 438 439 440 441 442 444 , 3 4 5 6 7 8 9 10 11 12 13 15 16 17 18 19 20 21 22 23 24 25 26 27 28 29 30 31 32 33 34 35 36 37 38 39 40 41 42 54 55 56 57 58 59 60 61 62 63 64 65 66 67 68 69 70 71 72 73 74 75 79 81 95 96 98 99 100 103 120 146 147 148 149 , 85, 74
P06241-P13591, , , 0, 0
P13591-Q13813, 121 136 137 138 165 167 169 170 171 172 173 175 176 177 , 50 54 57 58 61 62 119 123 130 , 14, 9
P05113-P32927, , , 0, 0
O95267-P01116, 193 194 195 196 205 206 207 211 276 280 283 284 286 287 288 289 319 320 322 323 348 349 350 402 403 , 0 1 2 3 4 48 49 70 73 74 76 103 104 105 106 163 164 166 167 168 169 , 25, 21
P01112-Q8WU20, , , 0, 0
Q05397-Q13813, , , 0, 0
P01112-P78352, , , 0, 0
P01116-P02549, 53 54 56 57 60 61 64 67 68 71 72 75 78 82 92 93 95 96 97 98 99 100 102 103 104 106 107 110 117 , 0 1 3 4 5 21 24 25 27 29 31 32 33 34 35 36 37 38 39 40 41 42 52 54 56 61 62 63 64 67 70 74 76 167 , 29, 34
O60258-P21802, , , 0, 0
P04141-P62993, 10 12 19 20 23 44 45 46 47 48 49 50 51 52 53 58 95 99 101 102 104 105 108 109 111 112 114 115 116 117 118 119 120 121 122 123 124 , 1 2 24 26 27 40 41 42 43 56 117 124 125 126 127 129 130 131 133 134 136 137 138 147 149 150 189 190 191 192 193 204 , 37, 32
P62993-Q02297, 179 180 181 182 183 184 185 186 187 188 189 190 191 192 193 194 196 197 198 199 200 201 202 203 204 205 206 207 208 209 210 211 212 213 214 215 216 217 218 219 220 221 222 223 224 225 226 227 228 229 230 231 235 236 237 238 239 240 241 , 55 56 57 58 59 60 61 62 63 64 65 66 67 68 69 70 73 74 83 84 85 86 87 88 89 90 91 92 93 94 95 96 97 98 106 107 108 109 110 111 119 120 121 122 123 128 134 135 138 139 140 141 153 156 157 158 159 160 161 162 164 165 185 187 188 189 190 191 192 193 194 195 205 206 207 208 209 210 211 212 213 214 215 216 217 , 59, 85
Q13813-Q9H254, 103 105 125 127 128 129 130 131 132 133 134 135 136 137 138 163 167 169 170 171 173 174 175 176 177 178 192 286 287 288 289 290 , 30 31 32 33 34 35 36 37 38 39 41 42 44 45 46 48 49 51 52 55 56 94 95 97 98 101 102 105 108 111 112 113 114 , 32, 33
Q15303-Q8WWG1, , , 0, 0
P11277-Q07889, , , 0, 0
P01111-P11362, , , 0, 0
P12034-P21802, , , 0, 0
P01111-P08620, , , 0, 0
O15399-P78352, 413 465 466 467 470 471 472 473 474 475 476 477 478 479 480 , 11 12 13 14 15 16 17 18 19 , 15, 9
P29353-Q15303, 55 56 58 59 63 87 88 89 90 91 92 98 112 114 115 116 117 118 119 120 121 122 135 137 138 139 140 141 142 143 144 173 174 178 , 0 1 2 3 30 32 56 219 228 229 230 231 232 254 255 257 263 264 265 266 267 268 269 270 291 575 576 , 34, 27
P04085-Q07889, , , 0, 0
P31785-P52333, , , 0, 0
P35609-Q9UQM7, , , 0, 0
P01111-Q02297, , , 0, 0
O60258-P22607, 33 34 35 36 37 40 45 47 48 49 50 51 52 53 55 58 59 60 61 62 63 64 65 88 89 90 91 92 93 94 95 96 97 130 131 132 133 134 136 137 138 139 140 155 170 174 175 176 177 , 160 161 162 163 164 165 166 167 168 223 244 246 248 249 250 277 278 279 280 281 282 283 284 285 286 287 288 301 302 303 304 305 306 308 309 310 311 314 315 319 321 322 340 341 342 343 344 345 347 , 49, 49
P22455-Q07889, , , 0, 0
P01112-P02549, , , 0, 0
P35609-Q13972, , , 0, 0
P01116-P52333, 824 825 826 827 828 829 830 832 904 906 911 912 915 916 918 953 988 989 990 991 992 993 1024 1025 1026 1027 1028 1029 1030 1031 1032 1033 1034 1035 1036 1037 1038 1039 1046 , 1 22 23 24 25 26 27 28 29 30 41 42 43 44 45 47 50 52 117 118 119 120 144 145 146 147 148 149 150 151 152 153 154 155 157 , 39, 35
O43320-P29353, , , 0, 0
O15020-Q05397, , , 0, 0
O76093-P01112, , , 0, 0
Q14957-Q9UQM7, , , 0, 0
P01111-P78352, 84 115 118 123 127 128 131 132 135 140 141 142 143 148 149 150 151 152 153 154 155 , 1 4 5 7 8 9 11 12 15 16 17 18 19 , 21, 13
P11487-P21802, , , 0, 0
Q07889-Q92529, , , 0, 0
P04085-P16234, , , 0, 0
Q02297-Q15303, 175 176 177 178 179 180 181 182 183 184 185 186 195 197 198 199 200 204 206 208 209 211 212 213 214 215 219 220 , 236 239 240 241 244 247 249 250 251 252 254 276 277 286 287 288 289 290 291 292 293 297 298 299 300 301 302 523 529 547 548 551 563 , 28, 33
P01111-P55075, , , 0, 0
P05230-P22455, , , 0, 0
Q13557-Q9UQM7, , , 0, 0
P01116-Q01082, 61 62 63 64 65 66 67 68 69 70 71 72 73 74 75 76 78 81 82 84 85 86 87 88 89 90 91 92 93 94 95 96 97 98 99 100 101 102 103 104 105 106 115 118 122 126 159 162 248 275 , 8 9 10 11 12 13 14 15 16 17 18 19 20 21 22 25 27 28 29 30 31 32 33 34 35 36 37 57 58 59 60 61 62 63 67 79 80 81 82 83 84 85 86 87 88 89 90 91 92 93 96 113 114 115 116 117 119 120 121 122 124 125 144 146 147 155 , 50, 66
P09038-P22455, , , 0, 0
O76093-P21802, , , 0, 0
O14827-Q12879, , , 0, 0
P62993-Q01344, , , 0, 0
P01112-P21860, , , 0, 0
P01112-Q9Y4G8, , , 0, 0
P78352-Q9UQM7, 97 100 101 103 104 105 106 110 111 113 114 115 117 118 143 145 146 147 148 149 150 152 271 275 276 , 6 9 10 12 13 14 15 16 17 18 19 , 25, 11
P00533-P04626, , , 0, 0
P11362-Q8WU20, 45 46 47 48 49 50 51 52 55 56 57 58 60 61 62 63 64 65 66 73 74 75 76 78 79 80 81 82 83 84 85 86 87 88 89 90 91 92 93 94 95 102 103 104 105 118 119 , 8 9 10 11 12 13 14 15 16 17 18 19 40 41 42 43 59 96 99 100 101 102 103 104 105 106 107 108 109 110 112 114 , 47, 32
P26951-P32927, , , 0, 0
P01111-P11277, , , 0, 0
P10721-P21583, , , 0, 0
P23458-P62993, 115 120 121 122 123 124 125 127 129 276 296 297 298 300 318 319 320 321 322 323 324 362 363 364 365 366 367 368 369 370 371 373 374 376 385 386 387 388 389 390 391 413 416 418 420 421 422 423 436 548 549 551 556 557 558 , 58 60 61 63 64 66 87 88 89 90 92 95 112 117 118 127 128 129 162 163 164 165 178 179 180 181 182 189 191 192 194 206 207 208 209 210 211 212 213 214 215 216 217 , 55, 43
O60258-P11362, , , 0, 0
P01111-P22455, , , 0, 0
P02549-Q07889, , , 0, 0
P09038-Q07889, , , 0, 0
P01112-P08620, , , 0, 0
P52333-Q07889, , , 0, 0
Q07889-Q15303, , , 0, 0
O95267-P01112, , , 0, 0
O15399-Q05586, , , 0, 0
P21860-P29353, , , 0, 0
P23458-P31785, , , 0, 0
P01111-Q9UQM7, , , 0, 0
O43559-P12034, , , 0, 0
Q13555-Q9UQM7, , , 0, 0
P62993-Q92529, 123 124 125 126 134 135 136 149 230 231 232 233 248 249 250 251 272 274 275 276 278 302 304 305 306 307 308 309 310 , 1 2 26 27 40 41 43 55 56 57 58 59 60 112 115 116 117 124 127 129 130 133 159 160 161 162 164 165 171 172 173 174 186 187 188 189 190 191 192 193 194 195 204 207 208 209 210 211 212 213 214 , 29, 51
P09038-Q8WU20, 1 2 3 4 5 6 7 8 9 10 11 31 33 34 35 36 37 38 39 40 52 53 54 55 56 57 58 60 61 106 108 109 110 111 112 114 124 127 128 129 130 131 134 138 141 142 143 144 145 146 147 148 151 155 , 26 28 29 30 62 63 64 65 66 67 68 69 70 71 72 73 74 75 76 77 78 84 85 86 87 88 89 90 111 112 113 114 115 116 117 118 119 120 121 122 123 124 125 126 , 54, 44
P01111-P09619, , , 0, 0
P35609-Q13557, , , 0, 0
P22607-Q9NP95, 68 70 72 73 74 75 76 88 89 90 91 92 145 146 148 171 186 191 192 193 194 195 196 197 198 199 208 , 201 247 248 249 251 252 253 254 255 256 257 258 259 260 261 262 277 278 279 290 297 298 302 303 304 336 348 349 350 351 352 353 , 27, 32
O15020-P01112, , , 0, 0
O14827-Q13224, , , 0, 0
P01111-P05113, , , 0, 0
P01111-P06241, , , 0, 0
P01127-P04085, 97 98 99 100 101 116 118 119 120 121 122 123 124 125 126 127 146 147 148 149 150 151 168 170 171 173 , 2 9 10 11 12 13 14 17 19 20 21 22 45 48 49 50 51 52 53 54 55 56 57 58 , 26, 24
P01116-P21781, 122 123 124 126 155 156 175 177 178 180 183 , 46 47 127 128 131 132 134 135 139 140 141 142 143 150 151 152 153 154 155 157 158 161 , 11, 22
P01112-P21781, , , 0, 0
P29353-Q86Z14, , , 0, 0
P01111-Q13224, , , 0, 0
O14944-P01111, , , 0, 0
P01112-P07196, , , 0, 0
P21802-Q07889, , , 0, 0
P22607-P29353, 4 5 6 7 17 18 20 29 31 32 33 36 69 71 72 73 74 75 76 77 79 80 83 94 95 96 100 104 105 106 155 156 157 158 160 161 162 163 191 192 193 , 152 154 160 161 162 163 164 165 179 225 239 240 248 281 282 283 284 285 286 287 308 310 311 312 313 314 315 316 317 318 319 320 322 323 342 344 , 41, 36
O15520-P29353, , , 0, 0
P05230-P11362, , , 0, 0
P15509-P62993, , , 0, 0
P12034-Q07889, , , 0, 0
P62158-P78352, 1 4 5 6 9 74 77 78 79 80 81 82 83 85 86 89 90 128 142 145 146 147 148 149 , 1 2 3 4 5 7 8 9 11 12 13 14 15 16 17 18 19 , 24, 17
P12034-Q8WU20, 180 182 183 , 8 9 10 11 12 13 14 15 16 , 3, 9
P55075-Q07889, , , 0, 0
P29353-P32927, , , 0, 0
P01116-Q02763, 50 51 52 53 54 76 82 84 105 106 107 108 109 110 112 363 387 388 389 412 413 415 416 417 418 419 420 421 422 443 , 10 11 12 13 14 28 30 31 32 34 59 60 61 65 68 69 85 86 87 88 91 92 93 94 95 96 98 99 102 117 120 121 122 124 , 30, 34
P04626-Q8WWG1, , , 0, 0
P35568-P62993, , , 0, 0
P01112-P26951, , , 0, 0
O60674-Q07889, , , 0, 0
P11277-Q05397, , , 0, 0
P07196-Q13972, , , 0, 0
Q01344-Q07889, , , 0, 0
P01116-P13591, 28 29 30 31 91 92 93 110 111 112 113 114 115 116 143 144 145 146 147 170 172 193 194 195 196 , 0 1 2 3 4 24 25 26 37 38 39 40 41 42 43 44 45 46 48 49 50 51 52 53 54 55 164 168 , 25, 28
Q05586-Q9UQM7, , , 0, 0
O14944-P01112, , , 0, 0
P01112-P04626, , , 0, 0
P01127-P16234, , , 0, 0
P35609-P62158, , , 0, 0
P01111-P01133, , , 0, 0
O14511-P29353, , , 0, 0
P22455-P55075, , , 0, 0
P01112-Q92529, , , 0, 0
O14827-Q13557, , , 0, 0
Q9GZV9-Q9UEF7, , , 0, 0
P04626-P21860, , , 0, 0
P01112-Q14957, , , 0, 0
P01112-P21583, , , 0, 0
P29353-Q9NP95, , , 0, 0
P00533-P01111, , , 0, 0
P04626-Q02297, , , 0, 0
P01112-P18433, , , 0, 0
P01116-P11277, 44 45 49 52 53 56 79 129 131 132 144 147 148 149 151 152 166 168 169 170 171 172 173 174 175 176 177 180 181 184 196 197 198 259 260 261 262 263 264 , 65 68 69 84 87 88 90 91 94 95 97 98 99 101 102 103 104 105 106 107 108 109 123 124 125 126 128 129 132 133 135 136 137 138 166 167 168 169 , 39, 38
P62993-Q15303, , , 0, 0
P01111-Q13813, 45 46 47 48 49 135 153 154 161 164 , 93 94 103 104 107 108 110 111 , 10, 8
O43559-P01116, 1 2 21 63 64 65 66 67 68 69 70 71 72 92 93 94 95 96 97 98 99 100 101 102 103 104 105 106 107 131 132 133 134 135 136 , 0 2 4 44 45 46 47 48 49 50 51 53 84 123 124 125 126 127 128 129 130 131 132 133 135 142 143 149 150 151 152 154 156 157 158 159 160 161 162 163 164 165 166 167 168 169 , 35, 46
P21781-Q07889, , , 0, 0
P22607-P62993, , , 0, 0
P18433-Q9H254, , , 0, 0
P05230-Q07889, , , 0, 0
P01116-Q8WU20, , , 0, 0
P01116-P78352, , , 0, 0
P02549-Q9NRC6, , , 0, 0
P62993-Q9GZV9, 77 78 79 80 81 82 83 114 116 117 118 119 120 121 122 123 128 133 145 146 147 148 149 150 , 66 67 68 69 70 71 72 75 86 87 88 89 90 91 96 101 103 104 105 106 107 108 109 121 122 140 141 142 , 24, 28
P31371-P62993, , , 0, 0
P22607-Q07889, 633 636 801 802 803 804 805 806 807 808 809 810 811 817 821 824 825 826 827 828 829 830 832 833 836 876 877 880 881 882 929 930 931 932 933 934 935 936 937 938 939 940 941 942 943 944 945 946 947 948 949 954 955 956 957 960 961 964 967 1002 1006 , 265 266 267 268 269 270 271 289 307 308 309 310 311 312 313 314 316 323 324 325 326 327 328 329 330 331 332 333 334 335 337 354 356 357 358 359 360 361 362 , 61, 39
P01112-Q9HCT0, , , 0, 0
P01116-P09619, , , 0, 0
P01112-Q8WWG1, , , 0, 0
P11277-P13591, , , 0, 0
O43559-P55075, , , 0, 0
P29353-Q9UEF7, , , 0, 0
O43320-P21802, , , 0, 0
P62993-Q8WU20, , , 0, 0
P04085-P62993, 37 38 39 40 41 42 43 84 85 86 88 89 90 91 92 93 94 95 96 97 98 99 100 101 102 104 125 126 127 128 129 130 131 132 133 134 135 139 140 141 142 174 175 176 177 178 179 , 6 7 21 76 154 155 156 157 158 159 160 161 162 163 164 165 174 182 183 184 185 187 188 189 190 191 192 193 194 195 204 205 206 207 208 209 210 211 212 213 214 215 216 217 , 47, 44
P08620-P62993, 79 80 81 82 83 84 117 118 119 120 121 122 123 124 125 126 127 129 131 134 135 136 148 149 150 151 152 159 161 165 167 203 204 , 1 2 4 20 22 23 24 26 27 38 40 41 42 43 44 45 56 79 130 133 134 135 136 137 138 144 145 146 147 149 150 151 152 153 154 195 , 33, 36
P78352-Q05586, , , 0, 0
O76093-Q07889, , , 0, 0
P01111-Q14957, , , 0, 0
P05230-P22607, 15 16 18 19 20 21 22 23 24 25 27 30 31 32 33 34 35 37 50 52 60 61 62 63 64 65 66 67 69 102 103 104 107 108 109 110 128 143 147 148 149 150 154 155 , 160 161 162 163 164 165 166 167 223 244 246 248 249 250 251 254 255 256 257 275 276 277 278 279 280 281 282 283 284 285 286 318 319 320 321 322 342 343 344 345 347 , 44, 41
P01116-Q9Y4G8, 393 394 395 396 398 399 400 401 406 407 415 417 418 439 445 446 447 448 450 451 452 454 455 456 , 1 3 5 32 33 35 36 37 38 39 40 41 52 54 56 58 59 62 63 66 67 68 70 71 73 74 75 76 104 167 , 24, 30
P09038-P62993, 14 21 22 23 24 25 26 27 28 29 63 65 66 67 68 69 70 71 72 73 74 75 82 95 96 97 98 99 101 102 153 154 155 , 6 7 8 9 10 20 21 51 52 54 62 65 66 68 69 72 73 76 77 151 152 153 154 155 156 157 158 159 160 184 213 214 215 216 217 , 33, 35
P14784-Q07889, 358 361 362 363 364 365 366 367 370 , 147 148 149 150 154 156 171 173 176 178 , 9, 10
P01116-P01133, 1 2 3 4 5 10 17 19 20 21 22 24 25 26 28 30 32 33 34 35 48 49 50 53 , 1 2 3 5 38 39 40 41 52 54 69 70 72 73 74 75 76 77 78 101 103 104 105 106 107 108 109 110 166 167 168 169 , 24, 32
Q12879-Q13557, , , 0, 0
P29353-Q07889, , , 0, 0
P08620-P29353, , , 0, 0
Q05586-Q13972, , , 0, 0
P52333-P62993, 822 823 824 825 826 827 829 830 831 832 833 834 837 838 859 893 911 912 948 949 953 970 983 984 985 986 987 988 989 990 991 992 993 994 995 996 998 999 1000 1001 1002 1003 1004 1005 1008 1031 1035 1038 1044 1045 1046 1047 1048 1049 1050 1051 1052 1054 , 64 87 88 89 90 91 92 93 112 160 161 162 163 164 165 166 167 168 169 176 177 178 179 180 181 182 194 198 199 206 207 208 209 210 211 212 213 214 215 216 , 58, 40
Q13972-Q9UQM7, , , 0, 0
P01111-P12034, , , 0, 0
O15399-P35609, , , 0, 0
Q01082-Q05397, , , 0, 0
Q8WU20-Q9NP95, 55 58 59 60 62 63 65 66 99 101 102 103 104 105 106 107 108 109 111 113 116 118 131 132 133 134 135 136 137 138 139 140 142 143 144 152 153 154 156 157 158 159 160 162 163 164 165 166 183 202 203 204 205 206 207 208 , 28 29 63 64 65 66 67 68 69 70 71 73 75 86 91 92 94 95 112 113 114 115 116 117 118 119 120 121 122 123 124 125 126 127 128 129 130 131 132 134 , 56, 40
P01111-Q12879, , , 0, 0
P01116-P31371, , , 0, 0
Q05397-Q9NRC6, , , 0, 0
P01111-Q92529, , , 0, 0
P07196-Q13555, , , 0, 0
P01589-Q07889, , , 0, 0
O14944-P01116, 7 8 9 10 11 12 13 14 21 25 26 27 28 39 40 42 , 45 46 47 48 51 131 135 137 138 139 140 141 142 150 151 154 155 156 157 158 160 161 162 164 165 , 16, 25
P01112-P16234, , , 0, 0
P01116-Q86Z14, , , 0, 0
P21860-Q02297, , , 0, 0
P22607-Q8WU20, , , 0, 0
P29353-Q9GZV9, , , 0, 0
O15520-P01111, , , 0, 0
P78352-Q12879, 414 415 418 431 457 536 537 538 539 540 710 712 713 714 715 716 717 718 719 720 721 722 723 724 725 726 727 734 735 736 737 738 739 740 741 742 743 744 745 746 747 794 795 797 798 799 800 801 , 1 2 3 4 5 6 7 8 9 10 11 12 13 14 15 16 17 , 48, 17
P11277-P62993, 44 45 46 47 48 49 50 51 53 54 57 58 59 60 61 62 65 74 75 76 77 78 79 143 144 192 194 200 202 203 204 205 206 226 228 229 230 231 233 252 254 256 257 258 259 260 261 , 61 62 63 64 65 69 73 87 88 89 90 91 92 93 94 95 112 113 114 115 116 117 118 126 127 128 129 130 156 159 161 165 170 188 189 190 191 192 194 206 207 208 209 212 214 215 , 47, 46
P01111-P23458, , , 0, 0
P31371-Q8WU20, , , 0, 0
P01116-P15509, , , 0, 0
P01112-P13591, , , 0, 0
P35609-Q14957, , , 0, 0
P29353-Q02297, , , 0, 0
O43559-P22607, 22 23 33 34 35 36 37 44 47 48 49 50 51 52 53 54 55 56 78 79 80 81 82 83 114 115 116 117 118 121 , 247 248 249 250 251 252 253 254 257 258 259 260 262 278 280 286 288 289 290 291 296 297 298 299 300 301 302 303 304 305 306 307 308 336 337 338 339 340 346 347 348 349 350 351 352 , 30, 45
Q05397-Q07889, , , 0, 0
P01111-Q99075, , , 0, 0
O95750-Q07889, , , 0, 0
P62158-Q05586, , , 0, 0
Q15303-Q99075, , , 0, 0
O15520-O43559, , , 0, 0
P01116-P12034, 97 99 102 104 108 109 110 111 112 113 114 115 116 117 118 195 196 197 198 220 221 223 224 225 226 , 94 97 101 106 107 108 109 128 131 132 133 134 135 136 137 138 139 140 141 162 165 166 167 168 169 , 25, 25
P14784-P23458, 123 124 125 , 209 , 3, 1
P01116-Q13972, 1065 1068 1072 1086 1090 1130 1131 1133 1134 1135 1137 1138 1139 1140 1142 1162 1163 1164 1165 1166 1167 1168 1169 1170 1171 1172 1173 1174 1189 1195 1198 1199 1202 1203 1257 1258 1261 1270 , 12 13 21 25 28 29 30 31 32 33 34 35 36 37 38 39 40 41 61 62 67 85 86 87 88 91 92 117 119 120 124 147 , 38, 32
P01111-P18433, , , 0, 0
P31785-P60568, , , 0, 0
P05113-P62993, , , 0, 0
O15020-P18433, , , 0, 0
P01111-P04085, , , 0, 0
P01112-Q8IV61, , , 0, 0
P10767-Q8WU20, 83 84 85 86 87 88 89 90 91 92 93 94 95 96 97 98 99 100 106 107 108 109 110 111 112 113 114 115 116 117 118 119 120 121 130 131 132 133 134 135 136 137 138 139 167 168 185 186 187 205 206 207 208 , 23 24 25 26 27 28 29 30 31 32 33 34 35 36 37 38 47 48 49 50 53 54 55 57 61 62 63 64 65 66 68 71 72 73 74 75 76 77 78 79 80 81 82 83 84 85 86 87 88 89 90 , 53, 51
P01116-Q9NRC6, 58 61 62 64 65 66 67 68 69 70 71 72 74 75 76 77 78 79 80 96 233 235 236 238 239 240 242 243 244 246 247 248 250 251 252 253 255 256 257 258 276 , 10 11 12 13 16 17 32 33 34 35 36 59 60 61 62 63 64 65 66 68 88 90 91 92 93 94 95 96 97 98 99 101 102 105 106 107 129 132 133 134 136 137 , 41, 42
P07196-Q12879, , , 0, 0
P01116-Q07889, 20 21 22 25 28 40 41 42 43 46 590 591 592 593 594 910 911 913 916 920 966 969 970 973 , 0 1 2 3 5 21 25 27 29 31 32 33 36 39 40 41 46 47 48 49 54 164 165 168 169 , 24, 25
P29353-P60568, , , 0, 0
P01111-P07196, , , 0, 0
P62993-P98077, 91 99 100 101 103 104 , 169 170 171 172 , 6, 4
O14827-P07196, , , 0, 0
P01112-P05113, , , 0, 0
O43559-P09038, , , 0, 0
P01111-P13591, , , 0, 0
P04626-Q99075, , , 0, 0
P21802-Q8WU20, 64 65 66 67 68 69 70 71 72 73 74 75 76 77 78 79 80 81 82 83 86 87 88 89 90 91 106 107 108 109 110 111 112 113 114 115 117 118 , 26 27 28 29 30 64 65 66 67 68 69 71 72 73 74 75 86 87 88 89 95 98 99 102 114 115 116 117 118 119 120 124 , 38, 32
P01111-P98077, , , 0, 0
O14511-P62993, 239 240 241 242 243 244 245 246 247 248 249 250 251 252 253 254 255 256 257 258 259 260 261 267 268 269 270 271 272 273 274 275 276 277 278 279 280 281 282 283 284 285 286 287 288 289 291 292 293 294 295 296 297 298 299 300 301 302 303 304 305 306 307 308 309 310 311 312 313 320 321 322 323 324 325 326 327 328 329 330 331 , 1 2 3 4 5 6 7 8 9 10 11 12 13 14 15 16 17 18 19 20 21 22 23 24 25 26 27 34 35 36 37 38 39 40 41 42 43 44 45 46 47 48 49 50 51 52 53 54 55 56 57 58 59 60 62 73 74 75 76 77 78 79 82 83 136 149 150 151 152 153 154 155 156 173 186 187 195 196 200 202 203 204 , 81, 82
P11362-P11487, , , 0, 0
Q13224-Q13972, , , 0, 0
P09619-P16234, , , 0, 0
P01112-Q8TDF6, , , 0, 0
P62158-Q9UQM7, , , 0, 0
P12034-P29353, , , 0, 0
P01116-Q8IV61, 126 129 131 132 136 137 138 , 98 101 102 105 107 136 137 , 7, 7
P01112-Q15303, , , 0, 0
P11362-Q9NP95, , , 0, 0
O43559-O76093, , , 0, 0
O43559-Q9UEF7, , , 0, 0
P00533-P29353, , , 0, 0
P35609-P78352, 842 843 844 845 846 847 848 849 850 862 863 864 865 866 867 868 869 870 876 877 878 879 880 881 , 14 15 16 17 18 19 , 24, 6
Q12879-Q13972, , , 0, 0
P01111-Q02763, , , 0, 0
P08620-P22455, , , 0, 0
P01589-P31785, , , 0, 0
P01111-P60568, , , 0, 0
P01112-Q9GZV9, , , 0, 0
P01116-Q13813, , , 0, 0
P62993-Q07889, 707 708 709 712 716 738 741 745 , 12 13 14 15 16 34 35 36 38 47 50 , 8, 11
P14784-P60568, 1 2 3 4 5 6 7 9 13 95 96 97 99 100 , 119 120 121 145 147 149 150 155 156 158 169 170 171 172 173 174 178 208 , 14, 18
P01116-P62993, , , 0, 0
P01111-P21802, , , 0, 0
P01116-P04141, 28 29 30 32 33 34 35 36 37 38 39 40 41 63 64 65 66 67 68 69 70 71 72 74 75 100 , 46 47 48 127 128 131 135 138 139 140 141 142 143 149 150 151 152 153 154 155 157 158 161 162 165 , 26, 25
P08620-Q07889, , , 0, 0
O60258-P01116, 56 58 63 64 65 76 77 78 79 80 175 176 177 178 179 180 , 46 47 48 49 161 164 165 166 167 168 169 , 16, 11
P01112-P31371, , , 0, 0
P62993-Q01082, 44 45 46 47 48 49 52 172 173 174 176 177 179 180 181 182 183 184 185 186 187 188 189 190 191 192 193 194 195 196 197 198 199 200 201 202 203 204 205 206 207 208 209 210 211 212 213 214 215 217 219 220 221 222 223 224 225 226 227 228 229 230 231 232 233 234 235 236 237 238 240 252 253 254 255 256 257 258 259 261 266 270 273 , 26 41 42 43 44 56 58 59 60 61 62 67 74 80 81 82 83 84 85 86 95 96 97 98 99 100 101 106 107 108 109 110 111 112 113 114 115 116 117 118 119 120 121 122 123 124 125 126 127 128 129 130 131 132 133 134 135 136 137 138 139 140 141 142 143 144 145 146 147 148 149 150 151 153 189 190 191 192 193 207 , 83, 80
Q07889-Q9HCT0, , , 0, 0
P62158-Q13972, , , 0, 0
Q05586-Q13555, , , 0, 0
P01112-P09038, , , 0, 0
P01116-Q9UEF7, , , 0, 0
P01133-P62993, 2 3 4 5 6 7 8 9 10 11 12 13 14 15 16 17 18 19 20 21 22 23 27 28 29 30 31 32 33 34 35 36 37 38 39 40 41 42 43 44 45 46 47 48 49 50 51 52 53 , 1 2 3 4 5 6 7 8 9 10 11 12 16 17 18 19 20 21 22 23 24 25 26 27 34 35 36 37 38 39 40 41 42 43 44 45 46 47 48 49 50 51 52 53 54 55 56 57 58 59 62 73 74 76 77 78 79 83 151 152 153 154 155 156 157 173 184 186 187 189 195 196 201 202 203 204 , 49, 76
O15399-Q13557, , , 0, 0
P21781-P29353, , , 0, 0
P01111-P05230, , , 0, 0
O14511-P21860, , , 0, 0
P21802-Q9GZV9, , , 0, 0
O14827-O15399, , , 0, 0
P01116-P01589, , , 0, 0
P01111-Q9GZV9, , , 0, 0
P01116-Q9Y4H2, 31 , 121 , 1, 1
O43559-P31371, 25 26 27 28 29 30 33 34 52 53 64 73 74 75 78 82 83 84 85 86 87 88 , 67 68 69 70 71 72 84 86 87 91 143 145 166 167 168 169 170 171 183 196 , 22, 20
P01111-P16234, , , 0, 0
P32927-Q07889, , , 0, 0
O43559-Q9GZV9, , , 0, 0
P01111-P21583, 22 23 45 46 47 48 49 50 131 132 134 135 136 137 138 139 140 141 142 143 144 145 149 150 151 152 153 154 155 156 157 158 161 162 164 165 , 207 231 246 247 250 251 253 254 257 258 260 265 271 273 274 275 277 278 280 281 283 284 285 287 288 290 291 292 300 301 302 303 304 305 , 36, 34
P10767-P11362, , , 0, 0
P14784-P31785, , , 0, 0
P62158-Q13557, , , 0, 0
P02549-Q05397, , , 0, 0
P08700-P62993, 14 15 16 17 18 19 20 21 22 23 24 25 26 27 28 29 30 31 32 33 48 54 55 56 57 58 59 60 61 62 63 64 65 66 67 68 69 70 71 72 73 74 75 76 77 78 79 80 81 82 83 84 85 86 99 100 101 102 103 104 105 106 107 108 109 110 111 112 113 114 115 116 117 118 119 120 121 122 123 , 56 57 58 59 60 61 62 63 74 79 80 81 82 83 84 85 86 95 96 97 98 99 100 101 102 103 104 105 106 108 109 110 111 112 113 115 116 117 118 119 120 121 122 123 124 125 126 127 128 129 130 131 132 133 134 135 136 137 138 139 140 141 142 143 144 145 146 147 148 149 150 151 153 189 190 191 207 , 79, 77
P55075-P62993, , , 0, 0
P01111-P52333, , , 0, 0
P01112-Q9UQM7, , , 0, 0
P01111-P04626, , , 0, 0
Q01082-Q13813, 44 45 46 47 48 49 50 51 52 53 54 55 56 57 58 59 60 61 62 63 78 79 143 144 147 199 202 203 204 208 230 231 234 238 248 249 250 251 252 253 254 255 256 257 258 259 260 261 262 263 264 265 266 , 42 45 46 49 50 52 53 54 55 56 57 59 60 61 95 97 98 99 100 101 102 103 104 105 106 107 108 109 110 111 112 113 114 115 116 117 118 119 120 121 122 123 124 125 126 127 128 129 130 131 132 133 134 135 , 53, 54
P08700-Q07889, , , 0, 0
P01116-P22455, 164 165 194 196 197 198 199 213 214 215 216 217 243 244 245 246 247 248 250 251 252 253 254 255 256 257 258 340 341 342 343 344 345 346 347 , 10 11 12 13 14 16 33 34 35 58 59 60 61 62 63 64 65 86 87 88 89 91 92 94 124 126 128 129 132 133 , 35, 30
P04626-Q07889, , , 0, 0
P01111-Q05586, , , 0, 0
P01116-P22607, , , 0, 0
O15399-P07196, , , 0, 0
O15020-P01116, 60 61 64 65 66 68 69 72 73 75 76 77 78 79 80 81 232 234 235 238 239 242 243 245 246 251 252 255 256 257 , 0 1 2 3 4 5 41 49 52 54 65 66 68 69 70 73 74 76 95 99 101 102 103 104 105 106 108 163 166 167 168 , 30, 31
P01112-P01589, , , 0, 0
P02549-P06241, , , 0, 0
P18433-Q01082, , , 0, 0
P01116-Q13555, 18 19 20 21 22 23 26 27 28 29 30 31 36 37 38 39 40 41 42 43 44 52 53 54 55 56 57 58 59 60 61 62 63 64 65 66 67 68 69 70 71 72 73 74 75 76 77 78 79 86 88 89 90 91 92 93 94 95 96 97 98 99 101 102 113 114 115 116 117 118 119 120 121 122 123 124 125 126 127 128 129 130 131 132 133 134 135 136 137 138 139 140 141 142 143 144 145 146 147 148 150 151 152 153 154 155 156 157 158 159 160 161 162 163 164 165 166 167 168 169 170 171 172 173 174 175 176 177 178 179 180 181 182 184 185 191 192 193 194 195 196 197 198 199 200 201 202 203 204 205 206 207 208 210 212 213 214 226 248 249 250 251 252 253 254 256 257 258 259 260 261 262 263 264 265 266 267 268 269 270 271 272 273 298 , 1 2 3 4 5 6 7 8 9 10 11 12 13 14 15 16 17 18 19 20 21 22 23 24 35 36 37 38 39 40 41 42 44 46 47 51 52 53 54 55 56 57 58 59 60 61 62 63 64 65 66 67 68 69 70 71 72 73 74 75 76 77 78 79 80 81 82 83 84 85 86 87 88 89 90 91 92 93 94 95 96 97 98 99 100 101 102 103 104 105 106 107 108 109 110 111 112 113 114 115 116 117 118 119 120 121 122 123 124 125 126 127 128 129 130 131 132 133 134 135 136 137 138 139 140 141 142 143 144 145 146 147 148 149 150 151 152 153 154 155 156 157 158 159 160 161 162 163 164 165 166 167 168 169 , 184, 154
P12034-P62993, 86 87 88 122 123 124 125 126 127 128 129 130 131 134 139 141 155 156 157 163 164 165 166 169 170 171 172 174 180 216 217 218 219 220 , 1 2 3 20 26 27 38 39 40 42 43 44 45 46 55 56 57 58 59 79 125 129 130 133 134 136 137 149 150 186 187 188 189 190 191 192 195 204 , 34, 38
P78352-Q14957, 401 402 403 501 504 505 764 765 766 767 768 769 , 17 18 19 , 12, 3
O43559-P11487, , , 0, 0
P11487-Q8WU20, 36 37 38 39 44 79 80 81 82 83 84 85 86 87 117 118 119 120 121 122 123 124 125 126 127 179 , 25 26 27 28 33 43 44 46 49 50 51 52 53 54 55 56 57 79 80 81 82 83 86 87 88 , 26, 25
P01112-P01133, , , 0, 0
P21802-Q9NP95, , , 0, 0
P01111-P35568, 82 84 86 87 88 89 90 91 92 94 111 112 113 121 122 123 124 125 126 127 128 129 130 131 132 133 134 135 136 137 138 139 140 141 142 143 154 158 161 162 , 21 28 29 30 31 32 33 39 40 41 42 43 44 45 46 47 48 58 59 60 61 62 63 64 65 66 67 68 69 71 72 86 87 88 89 90 91 92 93 94 95 106 110 114 198 200 , 40, 46
O60674-P15509, 60 61 62 63 66 99 100 101 102 103 104 105 106 322 324 325 346 347 348 349 381 382 384 385 386 387 388 389 390 391 392 393 394 396 397 415 456 458 459 460 461 472 473 475 501 502 503 504 505 , 45 47 48 49 50 51 52 53 54 55 65 66 71 106 169 170 192 193 194 195 196 197 225 229 230 231 232 233 234 235 251 253 254 255 256 257 258 260 261 278 281 282 283 284 285 286 287 , 49, 47
P01116-P11362, 25 26 27 56 57 58 59 60 61 62 63 64 65 66 72 74 75 76 81 82 83 84 105 106 107 108 , 1 3 5 24 25 32 33 35 36 37 38 39 40 41 42 43 52 54 55 56 57 61 62 63 64 66 67 70 71 , 26, 29
P55075-Q8WU20, , , 0, 0
P01112-P05230, , , 0, 0
P98077-Q07889, , , 0, 0
P01589-P52333, , , 0, 0
P01111-Q13555, , , 0, 0
P07196-Q9UQM7, , , 0, 0
P02549-Q01082, , , 0, 0
O95750-P01112, , , 0, 0
O43559-Q9NP95, , , 0, 0
P01111-P22607, 22 24 25 26 27 28 29 30 32 38 39 41 42 43 44 45 149 , 251 252 255 256 257 258 259 260 262 290 297 298 302 304 336 337 338 339 345 346 347 348 349 350 351 352 353 , 17, 27
P29353-P35070, , , 0, 0
O76093-P01116, , , 0, 0
O60674-P26951, , , 0, 0
P05230-P62993, 6 7 11 12 14 15 16 17 18 , 101 108 109 120 121 122 140 141 142 143 , 9, 10
Q07889-Q8WWG1, , , 0, 0
P00533-Q07889, , , 0, 0
P31785-P62993, , , 0, 0
P10767-P21802, , , 0, 0
O15520-P62993, 115 116 117 118 119 120 124 131 134 135 136 137 138 139 141 144 145 146 147 148 149 151 155 167 168 169 170 171 172 173 174 175 176 189 190 191 192 193 , 1 2 24 26 40 56 57 58 59 60 113 115 116 117 118 124 125 126 127 128 129 130 131 132 133 134 135 136 137 149 150 187 188 189 190 191 192 193 194 204 , 38, 40
P62158-Q14957, , , 0, 0
P01112-P35070, , , 0, 0
P11487-Q07889, , , 0, 0
O15520-P11362, , , 0, 0
P01112-P01127, , , 0, 0
P01112-P60568, , , 0, 0
P35568-Q07889, 76 , 54 , 1, 1
P14784-P52333, 824 825 826 827 830 840 847 906 907 908 909 910 911 912 913 914 915 916 917 918 919 920 921 922 923 924 925 926 927 928 929 930 931 932 933 934 935 936 951 952 953 954 955 956 957 958 959 960 961 962 963 964 1013 1016 1017 1019 1020 1021 1023 1024 1064 1065 1066 1067 1070 1073 1095 1096 1097 1098 1099 1100 1101 1102 1103 , 6 7 8 9 23 55 112 119 120 121 142 143 144 145 146 147 148 149 150 151 152 153 154 155 156 157 158 169 170 171 172 173 174 176 177 178 179 180 181 182 183 190 191 193 194 195 196 197 198 199 200 201 202 203 205 , 75, 55
O95750-P01111, , , 0, 0
P18433-Q07889, , , 0, 0
P01111-P01589, , , 0, 0
O14827-P62158, , , 0, 0
O60674-P32927, , , 0, 0
P06241-Q01082, , , 0, 0
P02549-P18433, , , 0, 0
P78352-Q13557, 98 101 102 104 105 106 107 109 111 112 114 115 116 118 119 144 146 147 148 149 150 151 152 153 272 273 276 277 , 10 13 14 15 16 17 18 19 , 28, 8
P01116-P18433, 341 343 345 346 347 348 407 408 409 410 411 412 413 414 415 549 551 552 555 558 571 572 573 574 576 577 578 579 581 584 585 587 588 593 600 601 623 624 682 , 12 13 14 15 17 18 19 28 29 30 31 32 47 83 84 85 86 117 118 119 120 121 122 123 124 125 126 127 128 129 131 132 135 140 141 142 143 146 147 148 150 154 158 161 165 , 39, 45
Q07889-Q9Y4H2, , , 0, 0
P01116-P14784, , , 0, 0
P01111-Q9H254, , , 0, 0
P10767-P62993, 81 82 83 84 85 86 119 120 121 122 123 124 125 126 127 128 131 133 136 137 138 150 151 152 153 161 163 167 169 205 206 , 1 2 4 20 22 23 24 26 27 38 39 40 41 42 43 44 45 56 79 133 134 136 137 138 147 149 150 151 152 153 , 31, 30
O43320-O43559, , , 0, 0
Q12879-Q9UQM7, , , 0, 0
P21802-Q9HCT0, , , 0, 0
O43559-P01111, , , 0, 0
O95750-Q86Z14, , , 0, 0
P01116-Q99075, , , 0, 0
O60258-P62993, 33 34 37 45 47 48 49 50 51 52 53 54 90 91 92 93 94 95 96 100 105 123 178 179 180 , 1 26 40 42 43 117 130 133 134 165 187 188 189 190 191 192 193 194 195 204 207 208 209 , 25, 23
P26951-Q07889, , , 0, 0
P16234-P62993, 700 724 726 728 907 908 911 912 913 914 923 926 927 929 930 931 933 934 935 936 939 945 949 , 8 9 10 12 13 34 35 36 49 50 51 52 199 200 201 , 23, 15
P01112-Q05397, , , 0, 0
P60568-P62993, 5 6 7 8 49 51 52 53 54 55 97 99 100 101 103 119 122 123 126 127 128 129 130 131 132 133 , 2 26 40 41 56 58 59 60 117 126 127 128 129 130 132 133 136 149 150 174 188 189 190 191 192 193 194 207 208 , 26, 29
P09619-P62993, , , 0, 0
P01112-P32927, , , 0, 0
P22455-P29353, , , 0, 0
P11362-Q9HCT0, , , 0, 0
P01112-P29353, , , 0, 0
P01116-P55075, , , 0, 0
P21781-P62993, 67 68 70 72 73 74 75 76 88 89 90 91 92 143 144 145 146 147 148 169 170 175 178 183 184 185 189 190 191 192 193 194 , 10 17 18 19 20 23 24 41 42 43 44 77 78 79 80 81 100 101 102 103 104 133 136 137 138 143 144 145 146 147 149 150 151 152 , 32, 34
P01112-Q9NP95, , , 0, 0
P06241-Q9H254, , , 0, 0
O15020-P62993, 69 70 71 72 73 74 75 76 77 87 89 92 93 94 95 96 97 98 99 100 102 103 104 105 106 108 118 162 163 219 242 243 244 245 246 247 248 249 250 251 252 278 279 281 282 , 6 7 21 35 36 49 50 51 52 57 58 61 62 63 64 65 66 67 68 69 70 71 72 73 74 76 77 78 87 89 151 152 153 154 155 156 157 160 181 182 198 199 200 201 215 216 217 , 45, 47
P02549-P13591, , , 0, 0
Q05586-Q12879, , , 0, 0
P01116-Q9GZV9, 47 48 49 59 60 96 97 98 99 100 101 102 103 131 132 133 134 135 137 139 140 141 142 143 144 145 146 147 148 149 150 151 152 153 154 155 , 19 23 42 43 44 45 46 47 53 110 111 112 113 114 115 116 117 118 119 120 121 126 127 128 129 130 131 132 133 134 135 137 138 139 140 141 142 143 144 145 146 147 148 149 150 151 152 153 154 155 156 157 158 159 160 161 162 , 36, 57
P01116-P21583, , , 0, 0
P78352-Q13555, 38 39 40 69 70 71 72 73 74 75 76 77 90 91 92 93 115 119 145 146 149 150 151 152 154 , 3 4 6 7 10 11 14 15 16 17 18 19 , 25, 12
P62993-Q9NRC6, 63 66 67 96 97 100 101 102 118 119 120 121 122 123 124 125 126 127 128 129 130 131 132 133 134 135 136 150 153 157 158 159 162 163 164 165 166 167 168 169 170 216 219 220 221 222 223 244 245 246 247 248 249 250 251 252 254 272 274 275 276 277 278 279 280 281 282 283 284 , 1 2 26 27 34 36 37 38 40 43 45 60 61 63 64 85 87 93 95 112 113 114 115 116 117 118 124 125 126 127 128 129 130 131 132 149 167 170 171 172 173 174 187 188 189 190 191 192 193 194 195 202 203 204 205 206 207 208 209 , 69, 59
O14511-P01112, , , 0, 0
P22455-Q9NP95, , , 0, 0
P01116-P29353, 24 25 26 27 28 69 70 71 72 73 74 75 76 77 78 79 80 103 104 105 106 107 152 154 155 156 157 158 159 160 161 162 163 187 188 190 191 192 , 12 13 17 31 32 33 34 35 36 37 59 60 61 62 63 64 65 66 67 68 69 72 88 91 92 95 96 98 99 100 103 , 38, 31
P01111-Q8WWG1, , , 0, 0
P01116-P10721, , , 0, 0
P62993-Q9H254, 64 65 83 84 85 86 87 88 90 , 34 35 36 172 , 9, 4
P01116-P07196, 390 391 394 395 , 131 132 134 135 136 137 138 139 , 4, 8
P01112-Q9UEF7, , , 0, 0
P13591-Q9H254, , , 0, 0
O14944-P29353, , , 0, 0
P15509-P32927, 144 145 146 147 148 149 185 186 187 188 189 194 195 196 197 198 199 200 201 204 238 239 240 241 242 243 318 , 18 20 21 22 23 24 31 89 90 91 92 93 95 96 97 98 132 134 176 177 178 182 183 184 186 , 27, 25
P18433-Q9NRC6, , , 0, 0
O95267-P01111, , , 0, 0
P06241-Q13813, 92 93 94 95 96 97 98 100 101 102 103 104 105 127 128 129 130 161 162 163 164 165 166 167 168 169 190 192 193 194 195 196 197 198 245 247 248 249 250 252 272 274 289 290 291 292 293 294 295 343 344 345 346 347 361 362 363 364 365 366 399 400 401 402 403 , 26 27 30 31 37 38 39 40 41 43 44 45 46 47 48 49 50 51 52 54 55 56 57 58 59 61 62 63 65 66 69 70 72 76 77 79 80 83 84 86 87 88 89 90 91 92 93 94 95 97 101 104 105 106 109 , 65, 55
P01111-Q8TDF6, , , 0, 0
P01111-Q9Y4H2, , , 0, 0
P18433-P62993, 227 230 234 235 236 237 238 239 242 407 408 409 410 411 412 413 414 415 416 417 418 419 421 422 489 492 493 495 496 497 498 499 500 501 502 503 504 505 507 508 537 538 539 540 541 542 543 544 545 546 547 548 549 550 551 552 553 554 555 556 557 558 559 560 561 562 563 564 565 566 567 568 569 570 571 572 573 574 575 576 577 579 580 583 584 585 586 587 588 589 590 591 592 593 594 605 616 619 734 735 736 759 760 761 762 763 764 765 766 767 768 769 770 771 772 773 774 775 776 , 20 22 23 24 41 42 58 59 60 61 62 63 64 65 66 67 70 71 74 75 76 77 78 79 80 81 83 84 85 86 87 88 89 90 91 92 93 94 95 96 97 98 99 100 101 102 103 104 105 106 107 108 109 110 111 112 113 114 115 116 117 118 119 120 121 122 123 124 125 126 127 128 131 132 133 134 135 136 137 138 139 140 141 142 143 144 145 146 147 148 152 153 , 119, 92
P01112-P08700, , , 0, 0
P01111-Q8WU20, 12 84 86 87 88 89 90 91 92 93 94 95 96 98 99 101 102 123 124 125 126 128 129 132 133 136 , 25 26 27 28 29 30 31 32 33 34 50 53 77 78 79 80 81 82 83 84 85 86 87 88 , 26, 24
P23458-P52333, , , 0, 0
P11362-Q9UEF7, , , 0, 0
P01111-P01127, 10 11 12 16 33 34 35 36 37 57 58 59 60 88 91 92 93 94 95 96 97 98 99 100 101 102 104 105 106 107 108 109 131 132 135 136 137 138 , 9 11 12 13 14 15 16 17 18 19 20 21 22 23 24 25 26 27 38 39 42 43 44 45 46 47 48 49 50 51 52 53 54 55 56 58 59 60 61 62 94 97 102 , 38, 43
P01116-Q13224, 285 374 375 378 385 386 387 388 389 390 395 396 397 437 439 449 450 451 452 479 504 505 , 84 87 91 118 119 120 121 122 123 124 125 126 127 128 129 130 131 132 135 141 143 147 148 150 , 22, 24
P01116-P60568, 21 22 25 26 28 29 30 31 32 33 34 35 36 40 43 109 110 111 112 113 114 115 116 118 119 120 122 123 126 127 , 0 1 2 3 4 5 38 39 41 42 43 49 51 52 54 69 70 72 73 74 76 103 104 105 106 163 164 167 168 169 , 30, 30
P01127-P09619, , , 0, 0
P26951-P62993, , , 0, 0
O60258-P29353, , , 0, 0
P01116-P05113, , , 0, 0
P01111-P31371, 79 80 81 90 91 94 97 98 101 102 107 108 109 110 111 112 113 114 123 126 127 128 129 130 131 132 133 134 135 136 137 138 139 140 141 142 151 152 153 154 155 156 157 158 159 161 162 163 165 , 51 52 53 54 55 56 57 58 59 60 61 62 63 78 79 91 92 94 96 108 109 110 111 112 113 114 197 198 199 200 201 202 203 204 205 206 207 , 49, 37
O76093-Q8WU20, , , 0, 0
Q05586-Q13224, , , 0, 0
P01111-P29353, , , 0, 0
P07196-P62158, , , 0, 0
Q86Z14-Q8WU20, , , 0, 0
P13591-P18433, , , 0, 0
P29353-P55075, , , 0, 0
O43320-P22455, , , 0, 0
P01111-Q9HCT0, , , 0, 0
Q07889-Q9H254, , , 0, 0
O14944-P04626, , , 0, 0
Q13224-Q13557, , , 0, 0
P01116-P10767, 124 125 126 127 142 143 144 145 158 160 161 162 163 164 165 170 172 174 175 176 177 178 179 180 192 193 194 195 196 197 198 199 , 0 1 2 3 4 5 54 69 70 72 73 74 75 76 77 78 102 103 104 105 106 108 109 110 111 162 163 166 167 168 169 , 32, 31
P29353-P31785, , , 0, 0
P01112-P22455, , , 0, 0
O14827-P01112, , , 0, 0
P11362-P29353, , , 0, 0
P23458-P60568, , , 0, 0
P21860-Q07889, , , 0, 0
P04626-Q15303, 457 479 480 489 491 493 494 495 496 497 510 , 9 10 12 86 87 88 89 90 95 , 11, 9
P01112-P23458, , , 0, 0
P01112-P35609, , , 0, 0
O15399-P01116, 422 423 465 466 467 468 469 470 471 472 473 474 475 476 477 478 510 520 521 522 523 526 527 530 , 18 22 26 27 28 29 30 31 117 119 120 121 122 123 124 145 146 147 148 149 150 , 24, 21
O60674-P08700, , , 0, 0
P29353-Q99075, , , 0, 0
P01112-P31785, , , 0, 0
P11362-P12034, , , 0, 0
P62158-Q13224, , , 0, 0
P01116-Q13557, 38 40 69 70 71 72 75 77 105 107 109 111 112 115 118 119 122 125 126 129 148 149 150 151 152 153 264 267 268 270 272 273 274 276 277 281 , 22 23 24 25 26 27 28 42 43 44 45 46 47 48 49 50 127 131 135 141 142 143 146 147 148 149 150 151 152 153 154 157 158 161 162 164 165 168 , 36, 38
Q13224-Q13555, , , 0, 0
O95750-P22455, , , 0, 0
P01112-Q13224, , , 0, 0
P22455-P31371, 163 164 165 166 197 198 212 213 214 215 216 242 243 244 245 246 247 248 276 338 339 340 341 343 , 65 67 88 102 139 140 141 142 143 144 145 188 189 190 191 192 196 , 24, 17
P15509-P29353, 1 2 3 4 5 6 7 8 9 10 11 12 13 14 15 16 17 18 19 20 21 22 23 24 25 26 27 28 29 30 31 32 33 34 35 36 151 194 195 196 198 , 25 26 27 28 29 30 31 32 33 41 51 52 53 54 55 59 60 61 62 63 64 65 66 67 69 70 71 94 97 98 99 100 101 102 103 104 105 106 107 108 109 110 111 114 115 116 117 118 119 120 121 122 123 124 125 131 133 134 135 136 137 138 146 148 149 150 151 152 155 156 157 158 159 160 161 167 168 169 170 171 172 173 174 175 176 177 184 185 186 187 188 189 190 191 192 193 195 196 , 41, 98
P01116-P16234, , , 0, 0
O60258-P22455, , , 0, 0
P01112-Q02297, , , 0, 0
O14944-Q07889, , , 0, 0
P22455-Q9GZV9, , , 0, 0
P01116-P31785, , , 0, 0
O43320-Q07889, , , 0, 0
P21802-P55075, , , 0, 0
O43559-P22455, , , 0, 0
P05230-P21802, , , 0, 0
P01111-P26951, , , 0, 0
P10721-P62993, , , 0, 0
O60674-P01116, 47 76 77 78 81 124 125 130 134 135 136 137 138 139 140 141 142 143 145 146 147 148 151 239 240 243 244 245 246 247 248 249 250 252 253 256 404 405 406 407 408 409 428 429 430 431 508 , 0 1 2 3 4 5 34 35 36 37 38 39 46 47 48 49 52 54 56 59 62 63 64 67 70 71 73 74 76 104 105 106 107 108 110 111 161 162 163 164 165 166 167 168 169 , 47, 45
P01111-P02549, , , 0, 0
P06241-P18433, , , 0, 0
P01112-Q13557, , , 0, 0
Q07889-Q9UEF7, , , 0, 0
P21583-P62993, , , 0, 0
P01589-P60568, , , 0, 0
Q13557-Q13972, , , 0, 0
O15520-P01112, , , 0, 0
P01112-Q13813, , , 0, 0
P01116-Q92529, 136 137 138 139 172 173 174 175 177 178 179 209 255 256 257 258 259 260 272 276 277 294 295 296 297 298 299 301 302 303 304 305 306 , 23 24 26 27 28 42 43 44 45 46 47 48 123 131 132 134 135 136 137 138 139 140 141 142 143 145 147 148 149 150 151 153 154 155 157 158 161 162 165 , 33, 39
P18433-Q13813, 223 224 225 228 462 463 466 467 502 503 504 516 519 520 521 523 524 525 526 527 539 , 25 26 29 30 32 33 35 36 37 38 39 40 42 44 45 113 114 115 116 , 21, 19
O15399-P62158, , , 0, 0
P01112-Q01344, , , 0, 0
P01112-P98077, , , 0, 0
O60258-P01112, , , 0, 0
P11277-P18433, , , 0, 0
P29353-Q01344, , , 0, 0
P01112-P35568, , , 0, 0
P01112-Q07889, , , 0, 0
O43559-Q07889, , , 0, 0
P01116-Q9H254, 57 58 63 158 159 162 166 167 169 170 191 192 193 194 195 196 197 198 220 221 222 224 225 287 289 , 0 1 2 3 4 44 45 46 47 48 49 50 52 84 118 120 121 122 123 125 126 127 128 131 132 135 141 142 143 150 151 154 157 158 161 , 25, 35
P01111-Q9NP95, , , 0, 0
P00533-P01116, 86 88 91 147 148 229 239 244 252 253 278 279 280 281 289 290 291 292 294 296 301 302 303 304 305 306 307 308 335 336 337 338 366 367 369 370 371 372 373 397 398 497 506 507 508 509 510 521 522 527 530 531 532 533 534 535 536 537 550 551 552 553 566 567 568 569 570 , 0 1 2 3 4 5 25 26 27 30 39 41 42 43 44 45 46 47 48 50 54 55 56 73 74 75 76 103 104 105 106 107 108 119 120 121 128 131 132 135 136 138 140 142 147 148 149 153 154 155 157 158 161 162 163 164 165 166 167 168 169 , 67, 61
P01111-P35609, , , 0, 0
P35070-P62993, 1 2 3 4 5 6 7 8 9 10 11 12 13 14 15 16 17 18 19 20 21 22 23 24 25 26 27 28 29 35 37 38 39 43 44 45 46 48 , 1 2 3 4 24 25 26 27 37 40 53 54 55 56 57 58 59 60 61 81 83 85 117 124 125 126 127 128 129 130 131 132 133 134 135 136 137 138 147 148 149 150 156 157 158 159 160 161 162 175 180 181 182 183 184 185 186 187 188 189 190 194 195 196 197 198 202 203 204 205 , 38, 70
P21802-P62993, 47 48 49 50 51 52 57 58 59 60 61 62 63 64 72 74 75 76 77 78 91 92 93 99 100 101 102 103 104 116 118 119 120 121 122 123 124 127 , 2 55 56 57 58 59 60 61 87 95 112 116 117 118 126 127 128 129 130 159 162 164 185 188 189 190 191 192 194 207 208 209 210 211 212 214 215 , 38, 37
O14827-P78352, 1029 1031 1032 1043 1046 1047 1050 1103 1130 1131 1132 1133 1135 1136 1140 1153 1154 1155 1156 1157 1158 1159 1160 1161 1162 1163 1164 1165 1166 1185 1187 1188 1189 1191 1192 1221 , 1 11 12 13 14 15 16 17 18 19 , 36, 10
O43559-Q9HCT0, , , 0, 0
P07196-Q13224, , , 0, 0
O15399-Q13555, , , 0, 0
Q05586-Q14957, , , 0, 0
P01133-Q07889, , , 0, 0
P01112-P11362, , , 0, 0
P00533-P62993, 3 5 6 7 8 9 11 12 15 17 26 29 30 38 233 256 257 258 259 260 261 263 269 270 271 272 273 274 275 276 277 285 286 287 288 289 291 292 293 294 297 298 299 300 309 310 311 312 313 314 320 321 331 333 334 335 336 337 338 339 342 343 378 405 , 8 9 10 18 20 21 22 23 24 26 41 42 43 44 69 72 73 74 75 76 77 78 79 80 100 102 103 104 121 122 123 124 134 135 136 137 138 139 141 142 143 144 145 147 148 149 150 151 152 153 , 64, 50
P01111-P21781, , , 0, 0
O43559-P08620, , , 0, 0
P62158-Q13555, , , 0, 0
O15020-P02549, , , 0, 0
P52333-P60568, , , 0, 0
Q13972-Q14957, , , 0, 0
P01112-Q02763, , , 0, 0
P35070-Q15303, 1 2 3 4 5 6 7 8 9 10 11 12 13 14 15 16 17 18 19 20 21 22 23 24 25 27 28 29 30 31 32 33 34 35 36 37 38 39 40 41 42 43 44 45 46 47 48 49 50 , 0 1 2 3 4 5 6 7 8 9 18 19 22 23 24 25 26 27 28 29 30 31 32 33 34 35 36 37 38 39 40 49 50 51 52 53 54 55 56 57 58 59 60 61 62 63 64 73 74 75 76 77 78 79 80 81 82 83 84 85 91 92 93 94 109 111 113 114 115 116 117 118 119 120 121 122 123 124 132 133 134 135 136 137 138 139 140 141 142 143 144 145 151 152 153 154 155 170 171 172 173 181 184 185 195 207 208 209 210 211 212 222 223 224 225 226 227 228 229 231 233 260 262 263 281 , 49, 125
O43559-P10767, , , 0, 0
P01127-P62993, , , 0, 0
P13591-Q01082, , , 0, 0
P01112-Q05586, , , 0, 0
P01112-P06241, , , 0, 0
P01589-P29353, , , 0, 0
O14827-Q13972, , , 0, 0
O43559-P05230, , , 0, 0
O43559-P62993, , , 0, 0
P08620-P11362, , , 0, 0
P62993-Q05397, 35 36 46 47 48 51 55 105 108 109 110 111 112 113 114 115 116 117 118 119 120 199 200 201 202 203 204 205 209 368 370 371 372 401 403 404 405 406 407 408 409 410 411 413 414 415 466 467 469 470 471 472 473 474 475 476 477 478 486 539 540 541 542 545 567 568 569 570 598 , 61 62 63 64 65 66 67 68 69 70 71 72 73 74 75 76 84 86 87 89 90 91 92 93 94 104 105 106 107 108 109 111 112 113 114 115 116 117 119 141 154 156 157 160 161 162 163 164 165 166 179 188 190 191 192 194 207 208 209 210 211 212 213 214 215 217 , 69, 66
O95750-P01116, 42 44 62 63 64 65 66 67 79 81 83 93 94 95 96 97 98 99 100 112 113 114 115 174 175 , 5 29 31 32 33 36 37 38 39 40 41 54 56 62 63 64 66 67 70 71 73 74 , 25, 22
P01116-P09038, 1 2 3 5 8 9 10 11 12 31 33 35 36 37 38 39 40 53 55 111 129 144 151 , 61 65 66 68 69 88 91 92 94 95 98 99 101 102 103 104 105 106 107 129 133 136 137 , 23, 23
Q07889-Q9NRC6, , , 0, 0
P01112-P10767, , , 0, 0
P01116-P23458, 44 45 46 47 48 49 50 51 52 59 62 63 66 67 69 204 205 470 471 472 473 474 499 501 502 503 504 505 510 , 1 2 3 4 5 49 64 66 67 70 72 73 74 76 100 101 102 103 104 105 106 107 108 135 136 137 138 161 162 164 165 166 167 168 169 , 29, 35
O43559-Q86Z14, , , 0, 0
O60674-P62993, 92 327 328 329 339 340 341 356 357 358 359 360 361 362 363 384 385 386 387 , 80 101 102 103 104 106 108 139 140 141 142 143 144 145 146 147 , 19, 16
O14944-P62993, 1 2 3 4 5 6 7 8 9 10 11 12 13 14 15 19 20 21 22 23 24 25 26 27 28 29 30 31 32 35 36 37 38 39 40 41 42 43 44 45 46 , 2 4 8 9 10 11 16 17 18 19 20 21 22 23 24 25 26 40 41 42 43 44 45 56 57 58 59 60 61 62 76 77 78 79 80 81 82 83 84 85 100 132 133 134 135 136 137 138 139 147 148 149 150 151 152 153 154 , 41, 57
P01112-P62993, , , 0, 0
O60674-P04141, , , 0, 0
Q13224-Q9UQM7, , , 0, 0
O95750-Q8WU20, 48 49 50 51 52 53 54 55 56 57 58 59 61 63 70 72 126 127 128 129 130 131 145 146 147 148 149 150 157 159 160 161 162 164 166 167 168 , 26 27 28 29 63 64 65 66 67 68 69 71 73 86 87 88 89 98 102 112 113 114 115 116 117 118 121 124 125 126 , 37, 30
O14827-Q05586, , , 0, 0
P01116-P32927, 145 146 205 236 238 239 240 241 242 243 244 265 266 267 268 269 270 271 272 300 , 90 91 92 94 95 98 101 102 123 124 125 126 127 128 129 130 131 132 133 134 135 136 137 , 20, 23
P07196-Q14957, , , 0, 0
P22455-Q86Z14, , , 0, 0
P01112-Q01082, , , 0, 0
O15520-P21802, , , 0, 0
Q8WU20-Q9UEF7, , , 0, 0
O60258-P01111, , , 0, 0
P14784-P29353, 56 57 58 59 60 61 62 63 65 66 67 68 69 70 71 72 73 75 76 79 80 104 105 106 107 108 109 112 114 116 117 118 119 120 141 142 143 146 147 172 173 174 175 176 177 178 179 , 7 9 21 22 23 24 25 26 27 29 50 51 52 53 54 55 56 57 58 59 60 61 105 108 112 144 145 146 151 152 153 154 155 157 178 179 180 181 182 183 195 196 197 198 199 200 201 202 203 , 47, 49
P06241-Q9NRC6, , , 0, 0
P13591-P62993, 30 33 88 113 114 115 116 121 134 136 139 140 141 142 143 144 145 146 147 148 149 150 157 159 162 164 167 168 169 170 171 172 173 175 177 192 193 194 195 196 , 6 7 8 21 34 35 36 50 51 52 54 57 69 72 73 76 154 155 156 157 158 160 182 184 186 197 198 199 200 201 202 216 217 , 40, 33
P01112-Q86Z14, , , 0, 0
Q13557-Q14957, , , 0, 0
O14511-P01111, , , 0, 0
O76093-P62993, , , 0, 0
P01116-Q8TDF6, 191 192 193 194 195 196 199 200 201 204 207 272 276 280 400 477 478 480 481 493 , 22 26 27 28 30 42 43 44 45 118 119 120 121 146 147 148 149 150 151 152 153 154 157 , 20, 23
P04626-P35070, , , 0, 0
P09038-P21802, , , 0, 0
O43559-P11362, , , 0, 0
P01133-P29353, , , 0, 0
P62993-Q13813, , , 0, 0
P01112-Q9H254, , , 0, 0
P01111-Q86Z14, , , 0, 0
P01116-P11487, 81 82 83 84 85 101 110 111 112 113 114 115 116 120 132 133 134 135 136 137 138 139 140 141 150 152 , 2 3 4 5 37 38 39 41 54 56 63 64 66 67 70 71 73 74 75 76 103 104 105 , 26, 23
P01111-P32927, , , 0, 0
P22455-Q8WU20, 159 161 162 216 219 238 239 240 241 242 243 244 245 246 247 248 249 271 272 273 274 275 276 277 278 279 280 281 309 310 311 312 313 314 315 316 317 335 336 337 338 339 340 341 342 343 , 8 9 10 11 12 13 14 15 16 17 18 19 20 37 39 41 42 43 44 45 46 48 50 51 52 57 58 59 60 103 104 105 106 107 108 109 110 111 , 46, 38
O15520-Q8WU20, 70 73 74 75 76 78 115 118 119 153 155 156 157 158 159 160 , 22 24 31 32 33 34 35 37 48 50 51 69 70 90 92 93 , 16, 16
P29353-Q9HCT0, , , 0, 0
P29353-P31371, 20 23 24 25 26 27 28 29 30 33 34 35 36 37 38 39 67 69 70 71 72 73 74 75 76 79 105 106 150 151 152 153 156 157 158 159 189 192 193 194 195 196 197 , 54 55 58 59 60 61 62 63 64 67 69 89 94 98 99 100 101 102 103 138 139 140 141 142 143 144 145 146 147 180 181 183 186 188 189 190 191 192 193 194 195 196 197 200 204 , 43, 45
P01116-P06241, 114 115 116 144 145 150 151 152 153 154 155 177 182 183 313 316 317 318 320 321 322 323 324 379 380 381 382 383 384 385 386 387 413 514 , 47 87 90 91 94 97 101 106 107 108 109 110 123 124 126 128 129 130 132 133 134 135 136 137 138 139 140 141 150 151 157 158 159 160 161 162 163 164 165 166 168 169 , 34, 42
P62993-Q02763, , , 0, 0
O43320-Q8WU20, 99 100 101 102 103 131 134 135 136 138 150 , 131 132 133 134 135 136 , 11, 6
O60674-P01111, , , 0, 0
O76093-P01111, , , 0, 0
P08620-P21802, , , 0, 0
P13591-Q05397, , , 0, 0
P01112-Q9Y4H2, , , 0, 0
P01111-Q13557, , , 0, 0
P01112-Q9NRC6, , , 0, 0
P01112-Q12879, , , 0, 0
Q13813-Q9NRC6, 51 54 57 58 61 62 65 66 67 68 69 70 71 75 76 77 78 96 97 99 157 158 161 162 233 235 238 239 242 243 246 250 252 253 254 256 257 258 259 276 279 , 19 23 25 26 27 29 30 33 36 37 40 41 44 45 47 48 51 52 98 100 101 102 104 105 108 111 112 , 41, 27
P15509-Q07889, , , 0, 0
P01116-P35609, 839 840 841 842 843 844 845 872 873 874 875 876 , 31 32 33 34 35 36 37 59 61 62 63 , 12, 11
P01116-Q9NP95, 52 53 54 55 56 59 62 63 66 81 82 94 95 99 101 111 114 115 116 117 118 131 132 133 201 202 203 204 205 206 207 208 , 10 11 12 13 14 16 25 27 28 29 30 31 32 33 34 35 59 60 61 85 86 117 119 120 121 122 147 148 , 32, 28
P05230-P29353, , , 0, 0
O43559-P21802, , , 0, 0
P10767-Q07889, , , 0, 0
P01116-P04085, 24 25 26 27 28 30 31 84 88 89 90 91 92 101 102 103 104 106 107 108 109 128 129 130 131 132 133 135 136 137 138 139 140 141 172 174 , 22 25 26 27 28 29 30 31 45 46 47 48 49 118 119 123 127 128 131 132 135 136 138 140 141 142 143 144 147 148 149 150 151 152 153 154 155 158 161 168 , 36, 40
P10767-P22455, , , 0, 0
P13591-Q9NRC6, , , 0, 0
P01111-Q01344, , , 0, 0
P02549-P11277, , , 0, 0
P32927-Q01344, , , 0, 0
P06241-P11277, , , 0, 0
P04141-P29353, , , 0, 0
P21860-P62993, , , 0, 0
O60258-Q07889, , , 0, 0
O95750-P62993, , , 0, 0
O15399-P01111, , , 0, 0
O14944-Q15303, 1 2 3 4 6 7 8 9 10 11 12 13 14 15 16 19 20 21 22 23 24 25 26 27 28 29 31 33 34 35 36 41 42 43 44 45 46 , 241 249 250 251 252 253 254 255 288 290 291 292 293 295 297 299 300 301 302 303 304 305 335 369 370 371 394 426 498 500 501 502 503 504 505 506 508 511 512 513 518 519 520 521 522 523 524 525 526 527 528 529 530 531 543 544 547 548 , 37, 58
P01116-P08700, 17 21 22 24 25 28 29 45 49 112 113 116 117 118 119 120 121 122 123 124 125 , 11 12 13 14 15 28 29 30 31 32 33 34 35 61 83 85 86 87 88 89 90 91 92 93 94 95 96 98 99 102 117 122 123 124 , 21, 34
P35070-Q07889, , , 0, 0
Q02297-Q07889, , , 0, 0
P07196-Q13557, , , 0, 0
P01116-P62158, 12 15 16 17 19 20 21 28 32 33 34 35 36 37 38 39 40 41 42 43 52 69 73 76 80 83 84 87 91 97 98 99 139 140 , 46 47 48 49 83 84 85 86 87 88 89 90 91 118 119 120 121 122 123 124 125 126 127 129 139 140 142 143 147 148 150 151 154 157 158 161 164 165 168 , 34, 39
P01111-P35070, , , 0, 0
P01116-P26951, , , 0, 0
P08620-Q8WU20, 89 90 91 92 93 94 96 97 99 100 101 103 104 105 106 108 109 110 111 112 113 114 132 144 181 182 183 184 185 186 187 197 198 199 , 27 28 29 30 31 32 64 65 66 67 68 69 70 71 72 73 86 88 89 90 91 98 102 114 115 116 117 118 119 , 34, 29
P01111-P04141, , , 0, 0
P06241-Q07889, , , 0, 0
O43320-P01116, 56 57 60 61 63 96 97 98 99 100 101 102 103 104 137 138 139 141 142 143 144 145 187 188 190 191 192 193 , 1 2 3 4 5 37 38 39 41 52 54 62 63 66 67 68 69 70 73 74 75 76 77 78 102 103 104 105 106 107 108 109 110 162 163 166 167 168 169 , 28, 39
P23458-P29353, , , 0, 0
P01111-P09038, , , 0, 0
O15020-P01111, , , 0, 0
P05230-Q8WU20, 11 12 13 14 15 16 17 18 19 20 21 22 23 24 27 63 65 66 67 68 69 101 102 103 104 105 106 107 108 110 111 113 119 120 121 122 123 134 136 138 140 150 151 152 153 154 155 , 25 26 27 28 29 31 33 34 35 47 48 49 50 52 53 55 62 63 64 65 66 67 68 69 71 72 73 74 75 77 78 81 82 83 84 85 86 87 89 98 102 113 114 115 116 117 119 124 126 127 128 , 47, 51
P01111-Q9UEF7, , , 0, 0
P01589-P62993, , , 0, 0
P29353-P62993, 14 18 19 20 21 22 23 24 , 166 168 169 170 171 172 179 209 , 8, 8
P01112-Q13555, , , 0, 0
P06241-P62993, 276 277 278 279 349 351 352 353 355 356 431 461 462 463 464 465 466 468 469 470 471 472 489 , 6 7 10 11 12 13 14 15 16 34 35 36 38 47 48 50 51 199 200 201 , 23, 20
O43559-O95750, , , 0, 0
P35609-Q13555, , , 0, 0
P62993-Q9HCT0, 32 33 34 35 36 37 38 39 40 41 42 43 44 67 68 70 73 74 78 81 82 84 89 117 118 119 120 121 123 125 168 169 , 2 20 21 22 23 24 26 40 41 42 43 44 45 56 59 78 79 132 133 134 136 137 138 144 145 147 148 149 150 151 152 153 , 32, 32
P01116-Q14957, 512 514 517 521 522 523 524 525 754 755 770 771 774 778 , 0 1 25 26 41 43 45 47 48 49 50 52 , 14, 12
O15020-P06241, , , 0, 0
Q12879-Q13555, , , 0, 0
P04141-P15509, 14 50 51 52 53 55 56 57 60 63 64 65 66 67 68 71 72 74 75 76 78 79 81 82 84 85 86 88 89 90 91 92 93 94 122 123 124 , 103 104 105 106 107 108 109 110 111 116 117 118 119 120 121 127 148 149 150 151 152 153 155 156 157 195 196 197 198 199 200 201 235 276 278 285 286 287 288 289 290 291 292 293 , 37, 44
O15520-Q07889, , , 0, 0
O15020-Q07889, , , 0, 0
P01111-Q05397, , , 0, 0
P21781-Q8WU20, 83 84 85 86 110 118 119 120 121 122 123 124 125 126 127 128 129 132 134 136 137 138 139 140 151 152 153 154 155 156 157 158 159 162 163 164 165 166 172 173 174 175 176 177 178 , 23 24 25 26 27 28 29 30 31 32 33 34 35 47 49 55 57 64 65 66 68 71 72 73 74 75 76 77 78 79 80 82 83 84 85 86 87 88 89 90 , 45, 40
P01111-P08700, , , 0, 0
P32927-P62993, 146 183 184 185 186 187 188 189 190 191 199 200 201 204 238 239 240 241 244 245 247 248 249 250 251 318 320 321 322 323 324 , 1 2 13 14 15 16 26 27 34 35 36 38 40 45 47 51 171 172 174 190 192 193 195 , 31, 23
P21781-P21802, , , 0, 0
Q8WU20-Q9HCT0, 32 33 34 35 37 44 46 67 68 119 120 121 122 123 124 125 164 165 166 168 169 , 13 14 15 16 17 18 19 22 37 40 41 42 59 93 96 100 103 107 , 21, 18
P01133-P04626, , , 0, 0
P02549-P62993, 105 106 107 108 109 110 111 112 113 115 116 117 123 126 127 130 134 137 138 141 145 , 67 71 86 90 91 94 95 96 101 104 105 106 107 108 109 110 120 121 141 142 143 , 21, 21
P08700-P29353, , , 0, 0
Q07889-Q8WU20, 510 , 50 , 1, 1
P05113-Q07889, , , 0, 0
P11362-P55075, , , 0, 0
P04141-Q07889, , , 0, 0
P01116-P35568, , , 0, 0
O60674-P29353, , , 0, 0
P04085-P09619, , , 0, 0
P05113-P29353, , , 0, 0
P00533-P01133, , , 0, 0
P62993-Q99075, , , 0, 0
P01112-P15509, , , 0, 0
P01116-Q01344, , , 0, 0
P23458-Q07889, , , 0, 0
O76093-P22607, , , 0, 0
P01116-P04626, 8 10 37 61 81 82 83 84 85 88 127 128 129 152 153 155 234 235 244 245 268 286 288 290 291 292 293 294 295 296 311 324 325 326 327 329 330 412 413 414 , 0 1 2 3 4 5 21 22 23 24 25 26 27 28 38 39 40 41 42 43 44 45 46 48 49 50 51 52 54 70 73 74 75 76 104 147 148 149 153 157 160 161 163 164 165 166 167 168 169 , 40, 49
P01116-Q15389, , , 0, 0
P06241-Q05397, , , 0, 0
P62993-Q9NP95, 52 53 54 55 56 57 58 59 60 66 111 114 115 116 117 118 131 132 133 202 203 205 206 207 208 , 6 7 8 9 10 11 12 21 34 35 36 50 51 52 54 155 156 157 158 199 200 201 202 , 25, 23
Q07889-Q9GZV9, , , 0, 0
Q07889-Q15389, 17 20 21 24 25 27 28 29 31 39 40 41 42 45 46 109 589 590 591 592 593 594 595 600 602 911 916 920 936 937 939 940 963 966 967 970 973 , 3 4 10 11 12 13 14 15 16 17 22 38 39 40 41 42 43 45 91 93 95 107 109 110 111 112 123 124 125 126 127 128 129 136 137 141 142 171 215 216 217 218 219 , 37, 43
P18433-Q05397, , , 0, 0
P10721-Q07889, 358 361 367 370 371 374 375 377 378 381 385 388 , 224 225 226 227 279 280 281 282 309 310 345 397 398 400 , 12, 14
P01116-Q8WWG1, , , 0, 0
O60674-P05113, , , 0, 0
P62993-Q86Z14, , , 0, 0
P09619-Q07889, , , 0, 0
P00533-Q99075, , , 0, 0
O76093-P22455, , , 0, 0
P01116-P98077, 96 98 99 100 101 102 103 106 108 109 110 114 117 118 119 120 121 122 123 124 125 163 190 191 192 205 206 231 250 251 252 253 254 255 256 257 258 , 10 11 12 13 14 16 28 29 30 31 32 33 34 35 58 59 60 61 62 63 85 86 87 88 89 90 92 94 95 96 98 117 119 120 121 124 147 148 , 37, 38
O14511-Q07889, , , 0, 0
